# DESCRIPTION: Verilator output: Timestamp data for --skip-identical.  Delete at will.
C "-Wall --trace --public --x-assign unique --x-initial unique -cc top.v --exe tb_top.cpp"
S  26368262 1407374884237268  1708684977   676372300  1708684977   675369800 "/usr/local/bin/verilator_bin"
S      4942 844424930882865  1708684980    57727200  1708684980    56726700 "/usr/local/share/verilator/include/verilated_std.sv"
S       749 6473924464455031  1715406914   683775100  1715406914   683775100 "ALU.v"
S      1788 5066549580901866  1715406914   684906000  1715406914   684906000 "ALUControlUnit.v"
S      4406 3096224743927318  1715588508   112312800  1715588508   112312800 "BranchPredictor.v"
S       265 2814749767216721  1716609667   690939800  1716609667   690939800 "CLOG2.v"
S      8126 3096224743927325  1716805938   129360300  1716805938   129360300 "Cache.v"
S      1590 2533274790506111  1715406914   685468000  1715406914   685468000 "ControlUnit.v"
S      2678 4503599627480974  1716805909   949150600  1716805909   949150600 "DataMemory.v"
S       869 4222124650773612  1715406914   686578300  1715406914   686578300 "ForwardingUnit.v"
S      1085 5066549580906693  1715406914   687588600  1715406914   687588600 "HazardDetectoinUnit.v"
S      1319 7318349394594418  1715068904   456030100  1715068904   456030100 "ImmediateGenerator.v"
S      1165 7036874417884468  1716805996   459527000  1716805996   459527000 "InstMemory.v"
S      1272 3096224743935328  1716609031   175206600  1716609031   175206600 "IsCorrect.v"
S       403 10414574138413563  1715068904   458041300  1715068904   458041300 "PC.v"
S      1134 3940649674071494  1716357956   670413700  1716357948   249358100 "RegisterFile.v"
S       228 7881299348007916  1715068904   458041300  1715068904   458041300 "add_alu.v"
S     15420 68679894317510506  1716805913   488288700  1716805913   488288700 "cpu.v"
S       227 7318349394596181  1715068904   459039800  1715068904   459039800 "mux21.v"
S       467 3377699720647015  1715068904   460040800  1715068904   460040800 "mux41.v"
T      4851 5629499534304586  1716806006    97743100  1716806006    97743100 "obj_dir/Vtop.cpp"
T      3342 12947848928771867  1716806006    96570300  1716806006    96570300 "obj_dir/Vtop.h"
T      1818 2814749767300779  1716806006   132740700  1716806006   132740700 "obj_dir/Vtop.mk"
T     14693 14073748835579255  1716806006    94571100  1716806006    94571100 "obj_dir/Vtop__ConstPool_0.cpp"
T       800 15762598695818882  1716806006    91571200  1716806006    91571200 "obj_dir/Vtop__Syms.cpp"
T      1092 19984723346479820  1716806006    92570800  1716806006    92570800 "obj_dir/Vtop__Syms.h"
T       290 2814749767300657  1716806006   116740700  1716806006   116740700 "obj_dir/Vtop__TraceDecls__0__Slow.cpp"
T     55793 4222124650853972  1716806006   118741400  1716806006   118741400 "obj_dir/Vtop__Trace__0.cpp"
T    127169 4785074604272765  1716806006   115740500  1716806006   115740500 "obj_dir/Vtop__Trace__0__Slow.cpp"
T     23429 9288674231625242  1716806006    99743600  1716806006    99743600 "obj_dir/Vtop___024root.h"
T      1887 19140298416515567  1716806006   106740700  1716806006   106740700 "obj_dir/Vtop___024root__DepSet_h84412442__0.cpp"
T       845 3377699720715895  1716806006   101745500  1716806006   101745500 "obj_dir/Vtop___024root__DepSet_h84412442__0__Slow.cpp"
T    162440 6473924464536528  1716806006   111740700  1716806006   111740700 "obj_dir/Vtop___024root__DepSet_heccd7ead__0.cpp"
T    111778 3940649674138984  1716806006   105740300  1716806006   105740300 "obj_dir/Vtop___024root__DepSet_heccd7ead__0__Slow.cpp"
T      2812 3377699720715872  1716806006   100742400  1716806006   100742400 "obj_dir/Vtop___024root__Slow.cpp"
T       684 11821949021946470  1716806006    98741600  1716806006    98741600 "obj_dir/Vtop__pch.h"
T       897 2533274790590776  1716806006   133740800  1716806006   133740800 "obj_dir/Vtop__ver.d"
T         0        0  1716806006   140740500  1716806006   140740500 "obj_dir/Vtop__verFiles.dat"
T      1732 3659174697432686  1716806006   119743400  1716806006   119743400 "obj_dir/Vtop_classes.mk"
S      1217 3659174697357672  1715068904   460040800  1715068904   460040800 "opcodes.v"
S       366 4222124650785222  1716805898   504022400  1716805898   504022400 "top.v"
